NU
0 9 67 71 41 
98 0 165 169 139 
67 76 0 4 26 
71 80 4 0 30 
41 50 26 30 0 
DA
0 39 9 80 6 82 
39 0 30 101 33 109 
9 30 0 71 3 79 
80 101 71 0 74 60 
6 33 3 74 0 76 
82 109 79 60 76 0 
DA
0 28 57 56 52 62 72 
28 0 31 32 24 34 44 
57 31 0 1 7 17 27 
56 32 1 0 8 18 28 
52 24 7 8 0 10 20 
62 34 17 18 10 0 10 
72 44 27 28 20 10 0 
